%% Fichier des constantes
vinit = 6100;
hinit = 120000;
S = 0.8;
Cdo = 1.2;
Cla = 0.8;
m = 50;
B = 0.0192;
vfin.ideale = 250;
vfin.nominale = 300;
r = 3397e3;
rfin = 10000+r;
um = 42830e9;
J = 1.5;
d = 0.05;
Cma = -0.07;
Cmd = 0.10;
Cmq = -0.05;
